9.99
24.99
9.99
0
59.99
29.99
19.99
19.99
29.99
29.99
4.99
0
0
0
0
19.99
19.99
29.99
0
29.99
5.99
0
0
4.99
39.99
0
4.99
0
29.99
0
0
24.99
29.99
0
9.99
9.99
29.99
0
24.99
49.99
39.99
19.99
0
19.99
29.99
15.99
17.99
59.99
24.99
24.99
19.99
14.99
15.99
19.99
24.99
9.99
40
19.99
18.99
19.99
9.99
59.99
29.99
11.33
8.99
14.99
9.99
19.99
0
0
19.99
19.99
29.99
14.99
9.99
3.59
19.99
24.99
19.99
19.99
0
7.99
0
24.99
19.99
24.99
14.99
9.99
0
12.99
14.99
29.99
39.99
19.99
24.99
24.99
19.99
0
14.99
9.99
0
0
0
29.99
6.99
9.99
4.99
0
6.99
5.99
7.99
9.99
0
14.99
1.99
29.99
0
7.99
19.99
4.99
9.99
2.99
0
0
11.99
9.99
9.99
3.99
3.99
0
1.99
0
7.99
5.99
9.99
19.99
9.99
14.99
6.99
0
29.99
9.99
0
0
3.99
0
4.99
9.99
1.99
2.99
5.99
9.99
4.99
2.99
0
14.99
0
14.99
0
9.99
0
19.99
0
0
0
0
2.49
0
19.99
0
4.99
7.49
6.99
2.99
5.99
0
0
0
3.99
19.99
9.99
8.99
24.99
19.99
29.99
1.49
19.99
9.99
19.99
19.99
19.99
0
0
0
29.99
11.99
14.99
0
14.99
19.99
14.99
0
10.99
9.99
19.99
16.99
2.99
0
11.99
8.99
4.99
9.99
9.99
4.99
0
4.99
9.99
19.99
0
0
0
14.99
11.99
7.99
14.99
24.99
3.99
4.99
14.99
0
17.99
19.99
9.99
11.99
7.99
0
19.99
19.99
9.99
14.99
14.99
0
0
3.99
4.99
0
0
0.99
1.99
19.99
7.99
0
4.99
2.99
0
9.99
0
2.99
24.99
4.99
4.99
3.99
19.99
4.99
0
0
4.99
0
0
14.99
5.99
2.99
8.99
0
6.99
0
7.99
4.99
9.99
11.99
9.99
0
2.99
7.99
8.99
9.99
0
2.99
0
19.99
4.99
9.99
0
9.99
8.99
0
8.99
4.99
0
19.99
0
0
0
0
0
4.99
4.99
0
9.99
0
0
0
19.99
9.99
0
14.99
9.99
0
0
14.99
0
7.99
19.99
0
0
0
4.99
5.99
14.99
0
2.99
0
13.99
0
0
19.99
0
9.99
3.99
0
4.99
0
4.99
11.99
9.99
0
9.99
9.99
0
19.99
19.99
7.99
0
13.99
0
7.99
0
0
29.99
0
19.99
14.99
29.99
0
0
4.99
0
0
0
2.99
0
10.99
0
0.99
29.99
9.99
1.99
6.99
0
8.99
6.99
19.99
9.99
14.99
9.99
1.99
0
9.99
7.99
7.99
0
19.99
0
0
9.99
1.99
0
0
19.99
12.99
24.99
0
0
0
9.99
0
24.99
19.99
7.99
9.99
0.99
1.99
9.99
4.99
4.99
14.99
4.99
0
7.99
4.99
0
0
0
0
0
0
0
0
9.99
0
0
0
8.99
14.99
4.99
0
0
0
0
4.99
24.99
2.99
0
19.99
14.99
29.99
4.99
0
0
18.99
19.99
14.99
14.99
19.99
0
9.99
2.99
4.99
5.99
9.99
19.99
9.99
9.99
2.99
7.99
19.99
9.99
7.99
19.99
4.99
8.99
0
3.99
8.99
9.99
18.99
0
1.99
0
0
0
0
5.99
0
1.99
19.99
9.99
19.99
4.99
9.99
19.99
0.99
4.99
4.99
6.99
0
9.99
2.99
4.99
14.99
0
17.99
7.99
4.49
0
4.89
2.99
19.99
9.99
14.99
19.99
6.99
6.99
0
1.99
29.99
14.99
0
0.99
9.99
0
4.99
0
0
11.99
14.99
19.99
0
9.99
0
2.49
17.99
0
19.99
0
9.99
12.99
5.99
0
0
4.99
0
0
8.99
0
0.99
12.99
0
0
9.99
13.99
0
0
2.99
0
14.99
0.99
0
14.99
2.99
3.99
0
0
14.99
0
9.99
11.99
9.99
14.99
9.99
14.99
14.99
17.99
9.99
14.99
7.99
4.99
4.99
14.99
0.99
9.99
0
9.99
19.99
9.99
0
0
0
9.99
0.99
5.99
9.99
3.99
3.99
14.99
10.99
12.99
24.99
2.99
4.99
0
9.99
9.99
14.99
0
0
9.99
9.99
14.99
8.99
8.99
19.99
24.99
19.99
0
9.99
14.99
0
19.99
6.99
0
3.99
9.99
0
9.99
5.99
0
0
19.99
0
4.99
0
1.99
0
8.99
3.99
0
3.99
14.99
0.99
4.99
14.99
0
9.74
14.99
4.99
0
9.99
2.99
1.99
29.99
3.99
24.99
0.99
9.99
4.99
4.99
0
9.99
9.99
0
19.99
39.99
6.99
0
0
0
9.99
14.99
9.99
4.99
11.99
0
0
5.99
5.99
0
0
0
1.99
19.99
19.99
7.49
0
9.99
0
0
19.99
6.99
0
0.99
14.99
4.99
0
4.99
29.99
0
9.99
8.99
0
14.99
9.99
7.99
3.99
0
5.99
0
0
4.79
9.99
19.99
4.99
0.99
0
0
29.99
0
9.99
7.99
1.99
4.99
19.99
0
0
0
12.99
0
16.99
11.99
14.99
0
0
17.99
0
4.99
2.99
1.49
3.99
6.99
19.99
0
19.99
0
9.99
0
6.99
4.99
4.99
0
0
0
0
9.99
2.99
4.99
5.99
4.99
6.99
0.99
5.99
5.99
10.99
19.99
3.99
0
1.24
3.99
16.99
7.99
2.99
8.98
0.99
11.99
2.99
4.99
9.99
0
3.49
9.99
9.99
2.99
4.99
10.99
0
0
0
9.99
7.79
0
8.99
14.99
19.99
7.99
19.99
14.99
16.99
6.99
11.99
9.99
9.99
9.99
9.99
0
0
0
24.99
12.99
24.99
4.99
0
0
9.99
9.99
9.99
0
14.99
3.59
1.99
14.99
5.99
19.99
9.99
8.39
0
0
19.99
0.99
8.99
0
9.99
2.99
9.99
4.99
9.99
0
2.99
9.99
4.99
2.99
1.99
3.99
1.99
2.99
3.99
0
0
4.99
0.99
14.99
7.99
4.99
11.99
8.99
17.99
199.99
3.99
7.99
4.99
1.99
4.99
0
0
14.99
14.99
0
4.99
4.99
0.99
0
9.99
14.99
9.99
14.99
9.99
19.99
9.99
7.99
0
5.99
4.99
7.99
0
3.59
3.29
9.99
5.99
12.99
0
0
19.99
10.99
13.99
9.99
24.99
8.99
0
0
19.99
0
0
19.99
14.99
4.99
14.99
0
19.99
14.99
12.99
19.99
13.99
9.99
14.99
14.99
1.99
9.99
3.99
2.99
0.99
4.99
2.99
0
3.99
4.99
5.99
19.99
8.99
0
9.99
0.99
4.99
1.99
0
14.99
1.99
0
0.99
9.99
9.99
0
1.99
9.99
0
3.99
0.99
1.99
4.99
0
1.99
2.99
9.99
14.99
14.99
39.99
0.99
17.99
0
0
2.99
7.99
9.99
0
0
0
0
4.99
17.49
4.99
17.99
9.99
0
3.99
14.99
8.99
0
4.99
4.99
4.99
9.99
0
6.99
0
11.99
5.99
11.99
14.99
9.99
4.99
0
3.99
0
4.99
3.99
4.99
6.99
14.99
19.99
4.99
19.99
19.99
9.99
4.99
9.99
2.99
0
2.99
0
1.99
6.99
14.99
0
8.99
1.49
0.99
0
0.99
0
1.99
4.99
0.99
19.99
9.99
4.99
6.99
9.99
0
19.99
0
0.99
9.99
5.99
1.99
0
14.99
2.99
4.99
4.99
1.99
7.99
4.99
0.99
4.99
3.99
3.99
4.99
14.99
14.99
4.99
1.99
0.99
0.99
0
4.99
0
12.99
9.99
8.99
8.99
9.99
9.99
4.99
3.99
10.99
16.99
14.99
4.99
0.99
2.99
0
9.99
0
14.99
4.99
9.99
4.99
7.99
6.99
4.99
8.99
12.99
4.99
8.99
0.99
2.99
0.99
0
9.99
0
8.99
0.99
0
0.99
7.99
1.99
29.99
0
5.99
14.99
14.99
0
1.99
9.99
0
9.99
19.99
29.99
29.99
29.99
14.99
0
2.99
9.99
0
3.99
29.99
24.99
39.99
24.99
29.99
0
13.99
9.99
0
15.99
49.99
11.99
9.69
0
29.99
14.99
39.99
29.99
19.99
0
14.99
9.99
0
39.99
0
19.99
19.99
29.99
29.99
14.99
9.99
14.99
24.99
14.99
14.99
14.99
14.99
1.99
19.99
0
19.99
19.99
24.99
14.99
0
19.99
9.99
0
14.99
9.99
29.99
29.99
12.99
14.99
0
14.99
14.99
0
0
9.99
4.99
0
0
19.99
19.99
4.99
0
0
19.99
14.99
39.99
24.99
29.99
0
14.99
16.99
8.99
19.99
0
29.99
0
24.99
0
4.99
0
29.99
0
2.99
0
4.99
9.99
0
14.99
2.39
2.99
24.99
1.19
9.99
14.99
14.99
0
5.99
5.99
0
19.99
8.99
0
0
5.99
0
13.99
0
7.49
0
8.99
14.99
9.99
1.99
14.99
14.99
2.99
3.99
1.99
9.99
5.99
19.99
0.99
4.99
2.99
9.99
4.99
19.99
4.99
1.99
0.99
9.99
1.99
4.99
0
4.99
3.99
2.49
7.99
0.99
4.99
9.99
29.99
5.99
3.99
0.99
4.99
3.99
14.99
0
2.99
4.99
19.99
2.99
9.99
2.99
9.99
0
6.99
0
9.99
9.99
19.99
5.99
0
14.99
9.99
4.99
14.99
0
9.99
0
3.99
1.99
0
11.99
0
1.99
19.99
9.99
11.99
6.99
14.99
7.99
9.99
4.99
19.99
0.99
0
0
19.99
0
11.99
2.99
11.99
0
3.99
5.59
2.99
12.99
9.99
10.99
0
3.74
12.99
8.99
14.99
9.99
0
0
4
9.99
9.99
4.94
5.99
0
0
2.99
0
11.99
4.99
2.99
0
13.99
0
9.99
0
24.99
0
19.99
0.99
8.49
0
0
14.99
7.99
5.59
3.99
4.99
9.99
9.99
3.59
14.99
0
9.99
0
4.99
19.99
9.99
19.99
0
19.99
8.99
0
16.99
9.99
5.99
0
8.99
4.99
4.99
4.99
11.99
0
0.99
3.99
9.99
6.99
0
6.39
12.99
4.99
4.99
4.99
4.99
2.99
2.99
6.99
7.99
3.99
4.99
4.99
0
2.99
9.99
0.99
6.99
1.99
0
0.99
5.99
0
2.99
3.99
6.99
4.99
0
4.99
0
0
2.99
1.99
9.99
19.99
2.49
4.99
14.99
9.99
0
3.99
13.99
4.99
9.99
5.99
2.99
6.99
4.99
1.99
0.99
4.99
17.99
1.99
0
3.99
0
0
1.39
19.99
14.99
1.99
4.99
0.99
0
6.99
9.99
6.99
3.99
6.99
1.99
0
5.99
5.99
0.99
0
2.99
0.99
1.99
5.99
6.99
2.99
0
14.99
7.99
15.99
0
0
24.99
9.99
2.99
0
0.99
7.99
7.99
4.99
14.99
14.99
4.99
1.99
0.99
3.49
2.99
2.99
5.99
9.99
9.99
8.99
0
5.99
5.99
6.99
1.99
0
0.99
0.99
4.99
0
3.99
9.99
1.99
0
5.99
2.99
14.99
0
9.99
4.99
1.99
1.99
8.99
0
9.99
6.99
15.99
5.99
9.99
7.99
2.99
19.99
0.99
8.99
11.99
4.99
3.99
9.99
14.99
0
0
0.99
9.99
0
5.99
19.99
9.99
3.99
11.99
4.99
1.99
2.99
2.99
4.99
13.99
1.99
3.99
5.99
5.99
0.99
12.99
4.99
4.99
4.99
4.99
1.99
0.99
6.99
19.99
16.99
9.99
4.99
0
4.99
9.99
0
9.99
8.99
1.99
5.99
9.99
9.99
3.19
5.59
2.99
0
3.99
14.99
4.99
4.99
0
7.99
0
0.99
0.99
9.99
9.99
13.99
9.99
1.99
3.99
1.99
9.99
8.99
9.99
14.99
14.99
199.99
1.99
0.99
0
9.99
9.99
0
199.99
199.99
199.99
0
0
19.99
6.99
4.99
4.99
0
14.99
9.99
0
13.99
2.49
0
0.99
9.99
0.99
5.49
0.99
9.99
0.49
3.99
8.99
4.99
9.99
9.99
7.99
6.99
1.99
0
4.99
0
0
9.99
9.99
4.99
4.99
1.99
4.99
9.99
8.99
5.99
9.99
14.99
4.99
0.99
0
19.99
2.99
0
2.99
2.99
5.99
2.99
0
0
5.99
19.99
0.99
4.99
9.99
4.49
0
14.99
11.99
0.99
9.99
1.99
7.99
3.99
4.99
1.99
9.99
3.99
0
1.99
1.99
19.99
2.99
4.99
0.99
6.99
4.99
0.99
4.19
0
0.99
18.99
0
0
0
6.99
9.99
2.99
1.19
12.99
2.99
19.99
8.99
1.99
4.99
1.99
7.99
9.99
0
0.99
0
1.99
6.99
0.99
4.99
14.99
4.99
0.99
2.99
2.99
4.99
2.99
2.99
0
0
9.99
0
1.99
13.99
5.99
14.99
0.99
0
7.99
0
7.99
1.99
3.99
1.59
0
9.99
0
0.99
14.99
11.99
0
4.99
9.99
4.99
4.99
14.99
2.99
2.99
6.99
11.99
9.99
0
0.99
0.99
4.99
9.99
9.99
13.99
4.99
14.99
14.99
6.99
9.99
6.99
4.99
3.99
14.99
11.99
9.99
0.99
19.99
0.99
3.99
0.99
9.99
3.99
0
0
4.99
5.99
0
4.99
14.99
3.99
0
9.99
6.99
0
1.99
9.99
8.99
9.99
9.99
12.99
11.99
9.99
14.99
0
9.99
0
0
12.99
5.99
9.99
8.99
9.99
3.99
0
4.99
3.99
5.99
10.99
0
3.74
3.99
19.99
11.99
9.99
12.99
6.99
9.99
4.99
0
9.99
9.99
0.99
1.99
0
19.99
1.99
9.99
1.99
7.99
8.99
29.99
0
4.99
0
6.99
2.99
3.99
17.99
2.99
4.99
9.99
1.99
3.99
1.99
4.99
0.99
3.99
0.99
1.99
7.99
8.99
2.99
9.99
9.99
9.99
2.99
1.99
2.39
6.99
0
14.99
4.99
2.99
3.99
3.99
0.99
0
0
8.99
4.99
1.99
4.99
14.99
4.99
0
0
10.99
4.99
14.99
4.99
0
4.99
0
3.99
0
6.99
0
0
6.99
0
0
1.19
1.99
1.99
9.99
0
1.99
0.99
0.99
4.99
0.99
14.99
2.63
0
14.99
0.49
0
1.99
0
2.99
1.99
11.99
0.99
4.99
4.99
14.99
0
19.99
1.99
20.99
1.99
19.99
19.99
8.99
8.99
0
8.99
7.99
9.99
0
4.99
9.99
4.99
8.99
0
6.99
0
0
1.99
2.99
0
0
9.99
6.99
5.99
14.99
4.99
0
11.99
4.99
5.99
9.99
4.99
9.99
11.99
14.99
4.99
0.99
18.99
4.99
2.99
9.99
0.99
4.99
2.99
0
3.99
0
0.99
0
19.99
2.99
1.99
9.99
0
1.99
9.99
0
7.99
0
4.99
16.99
9.99
0
7.99
5.99
0
0
4.99
11.99
0.99
9.99
5
5.99
0
0
4.99
0.99
9.99
0.99
4.99
9.99
4.99
14.99
9.99
2.99
1.99
4.99
9.99
0
8.99
4.99
1.99
9.99
0
9.99
1.99
0.99
5.99
5.99
0.99
9.99
4.99
8.99
0
19.99
3.59
0
4.99
7.99
7.99
7.99
2.99
0
9.99
1.99
14.99
4.99
2.99
0
24.99
14.99
7.99
17.99
3.99
0
0
2.99
0
18.99
0
4.99
0.99
0
0
0
0
19.99
7.49
1.99
7.99
0
6.99
0
1.99
0
4.99
9.99
0
0
14.99
11.99
5.99
0
4.99
3.99
19.99
1.99
9.99
10.99
4.99
11.99
9.99
0
0
0
0
0
5.99
9.99
0
0
2.49
0
4.99
6.99
0
9.99
0
11.99
8.99
0
0
4.99
14.99
0
4.99
4.99
16.99
1.99
4.99
0
0
0
24.99
9.99
4.99
7.99
5.99
1
0
7.99
9.99
9.99
9.99
4.99
2.99
0
24.99
0.99
0
4.99
3.99
6.99
18.99
0
999
1.99
3.99
0
0
11.99
0
10.99
4.99
0
6.49
9.99
3.99
0
0
6.99
0
2.99
11.99
3.99
0
12.99
4.99
0
24.99
0
0
9.99
2.84
0
0
4.99
12.99
14.99
9.99
15.99
9.99
4.99
1.49
0
0
9.99
19.99
4.99
0
0.99
6.99
4.99
7.99
3.89
0
19.99
7.99
0
14.99
14.99
0
19.99
24.99
0
19.99
29.99
14.99
0
0
14.99
19.99
19.99
19.99
19.99
9.99
0
24.99
19.99
0
0
9.99
19.99
19.99
0
14.99
0
2.49
19.99
7.99
4.99
9.99
29.99
19.99
24.99
19.99
19.99
0
0
5.99
0
0
14.99
0
19.99
0
29.99
19.99
14.99
0
9.99
14.99
34.99
0.99
24.99
39.99
0
29.99
24.99
39.99
11.99
0
19.99
9.99
9.99
24.99
59.99
0
0
0
9.99
19.99
29.99
0
0
0
4.99
12.99
14.99
9.99
29.99
9.99
17.99
19.99
9.99
19.99
0
19.99
29.99
6.99
14.99
0
19.99
4.99
19.99
3.99
3.49
0
9.99
4.99
4.99
19.99
9.99
0
0
14.99
0
19.99
0
3.99
10.39
0
0
14.99
19.99
4.99
0
0
9.99
7.99
7.99
0
11.99
3.99
0
19.99
0
6.99
0
9.99
4.99
11.99
4.99
0
89.99
0
0.99
6.99
11.99
12.99
5.99
4.99
0
4.99
0
9.99
0
0
16.99
0
14.99
0
0
7.99
7.99
11.99
14.99
10.99
3.99
19.99
10.99
0
9.99
0
0
1.99
4.99
5.99
0
29.99
0.99
3.99
0.99
19.99
0
1.49
2.99
0
11.99
0
0
4.99
14.99
4.99
3.99
0
4.04
14.99
0
4.99
0
0.99
17.99
0
9.99
0
3.99
0
24.99
6.99
29.99
0
8.99
14.99
6.99
0
9.99
9.99
9.99
0
11.99
0
8.99
39.99
4.99
4.99
10.99
9.99
0
19.99
8.99
0
0
0
9.99
14.99
0
0
0
4.99
0
9.99
0
9.99
2.79
3.39
10.99
0
0
14.99
3.49
7.99
12.99
0
0
79.99
4.99
9.99
0
0
9.99
4.99
6.99
0
0
0
5.99
4.49
9.99
0
0
6.99
11.99
9.99
19.99
0.99
0
0
13.99
0
4.99
0
0
9.99
7.99
0
14.99
19.99
4.99
0
0
7.99
199.99
11.99
0.99
0.99
8.99
0
2.99
0
4.99
0
0
14.99
0
0
17.99
0
0
2.99
0
0
9.99
0
0
4.99
19.99
9.99
7.99
0
19.99
11.99
0
4.99
3.99
2.99
5.99
0.99
0
9.99
2.99
5.39
0
2.24
0
0
13.99
0
0
0
0
0
13.99
6.99
0
9.99
24.99
0
3.99
4.99
7.99
19.99
0
8.99
19.99
0
0
14.99
3.99
0
0.59
0
9.99
14.99
0
0
0
9.99
9.99
0
0
0
0
0
0
0
0
0
0
9.99
0
19.99
8.39
7.99
0
14.99
0
14.99
0
0
4.99
0
0
9.99
0
13.99
0
1.99
8.39
3.99
0
0
0
2.35
7.99
0
0
0
0
0
0
5.99
4.99
0.99
14.99
9.99
7.99
0
14.99
9.99
0
8.99
9.99
1.99
0
0
0
9.99
2.99
0
0
3.99
0
0
5.99
0
0
0
0
1.99
9.99
9.99
10.49
0
4.99
0
9.99
1.99
9.99
0.49
0
9.99
0
4.99
9.99
0
0
9.99
0
14.99
0
1.99
8.99
8.99
0
0
3.99
9.99
5.99
0
0
4.99
0
0
0
24.99
9.99
4.99
19.99
3.99
4
0
1.99
7.19
0
12.99
0
0
0
0
0
4.99
0
9.99
0
0
9.99
16.99
2.99
0
4.49
0
0
0
6.99
14.99
0
0
0
0
0
19.99
4.99
0
14.99
0
0
14.99
9.99
4.99
0
0
8.99
0
4.99
7.99
14.99
0
5.99
0
1.99
0
0
5.99
9.99
24.99
0
24.99
4.99
4.99
4.99
1.99
8.99
4.99
0
9.99
9.35
0
4.99
3.99
18.99
8.99
9.99
0
0
9.99
0
6.99
6.99
8.99
8.99
0
4.99
0
4.99
0
9.99
0
9.99
0
10.99
0
4.99
7.99
0
0
0
15.99
0
0
5.99
0
4.99
0
0
3.99
0
0
0
0
0
14.99
0
0
11.99
0
8.99
4.99
4.99
9.99
8.99
0
9.99
14.99
11.24
6.99
4.99
0
0
0
0
0
7.99
0
3.99
3.99
0
0
14.99
2.99
0
0
0
0
2.99
0
0
0
0
0
2.99
0
0
0
0
9.99
14.99
1.99
9.99
0
0
8.99
0.99
9.99
0
9.99
0
0
0
19.99
4.99
4.99
9.99
0
0
0.99
9.99
5.99
0
0
0
9.99
0
9.99
2.99
1.99
5.99
2.99
3.99
2.99
14.99
0.99
7.99
19.99
4.99
9.99
0
0
4.99
0
12.99
14.99
9.99
2.99
4.99
1.99
7.99
9.99
7.99
9.99
14.99
1.99
9.99
14.99
4.99
0.99
9.99
0
12.99
24.99
4.99
4.99
3.99
4.99
4.99
1.99
4.99
1.99
9.99
0.99
1.99
5.99
4.99
9.99
4.99
9.99
3.99
3.99
0.99
2.99
0
7.99
2.99
14.99
4.99
7.99
9.99
5.99
9.99
0
0
2.99
9.99
9.99
6.99
1.79
7.99
0
9.99
0
3.99
0.99
0
9.99
2.99
5.99
0
3.74
14.99
0.99
0.99
9.99
0
0.99
19.99
2.99
14.99
0
0
5.99
0.99
4.99
4.99
0
9.99
9.99
0
3.99
3.99
0.99
14.99
6.99
4.99
3.99
0
3.99
1.99
6.99
9.99
3.99
9.99
2.99
0
4.99
4.99
0.99
7.99
5.99
0.99
0.99
14.99
9.99
4.99
3.99
7.99
6.99
9.99
19.99
2.99
2.99
9.99
1.99
0
9.99
3.99
1.99
0
4.99
0
9.99
2.99
0.49
19.99
1.99
4.99
0
29.99
0
59.99
7.99
0.99
2.99
7.99
19.99
8.39
9.99
8.99
4.99
14.99
7.99
9.99
0
5.99
4.99
0.99
0
4.99
19.99
9.99
19.99
4.99
2.99
4.99
4.99
0
4.99
19.99
0
7.99
7.99
9.99
9.99
14.99
0.99
4.99
0.99
0.99
5.99
0.99
0
1.59
4.99
14.99
11.99
9.99
2.99
0.99
6.99
14.99
19.99
9.99
7.99
8.99
0
0.99
6.99
0.99
0.99
6.99
11.99
4.99
5.24
2.99
24.99
2.99
14.99
0
4.99
1.99
0.99
0
99.99
0.49
1.99
15.99
18.99
0
1.24
1.99
2.99
5.99
19.99
2.79
6.99
4.99
9.99
5.99
14.99
3.99
4.99
2.99
7.99
0.99
1.99
6.99
2.99
2.99
4.99
0
24.99
0
3.99
0.99
6.99
7.99
3.99
0.99
9.99
0
4.99
2.99
3.99
5.99
7.99
4.99
1.99
7.99
15.99
0.99
9.99
4.99
0.99
9.99
9.99
6.99
0
3.99
0
1.99
4.99
9.99
2.99
7.99
4.99
0
8.99
19.99
13.99
1.99
4.99
0.99
5.99
4.99
7.99
0
5.99
2.99
0.99
19.99
0.99
9.99
0.99
14.99
0.99
7.99
14.99
2.99
4.99
0
11.99
2.99
0
2.99
0
0
4.99
0
0.99
19.99
1.99
5.99
0
7.99
2.99
9.99
7.99
5.19
4.99
0.99
11.99
0
0
9.99
14.99
14.99
14.99
0
2.99
0
9.99
19.99
7.99
19.99
0
4.99
9.99
9.99
0
2.99
1.99
2.99
6.99
3.97
4.99
4.99
12.99
2.99
14.99
0
0
11.99
9.99
1.99
19.99
9.99
0.99
14.99
5.39
0
4.99
2.99
19.99
8.99
5.99
1.99
14.99
0.99
5.99
4.99
3.99
0
0.99
0.99
49.99
9.99
4.99
9.99
2.99
2.99
0
0
9.99
2.99
2.99
0
3
3.99
9.99
4.99
0
39
0.99
0
9.99
9.99
2.99
1.99
0
1.99
9.99
0
11.99
0
0
0
4.99
9.99
9.99
0.99
4.99
0
9.99
10.99
0
5.99
2.99
9.99
9.99
0
14.99
5.99
9.99
9.99
7.99
11.99
19.99
9.99
0
0
3.99
15.99
0
0
29.99
19.99
9.99
24.99
4.99
19.99
9.99
8.99
0
9.99
4.99
6.99
24.99
0
0
0
9.99
0
6.99
5.99
24.99
14.99
19.99
24.99
0
12.99
29.99
9.99
19.99
9.99
19.99
9.99
19.99
15.99
7.99
19.99
0
19.99
9.99
0
11.99
14.99
7.99
24.99
19.99
0
7.99
14.99
24.99
3.99
0.99
0
14.99
8.99
9.99
7.99
0
0
12.99
14.99
19.99
9.99
0
14.99
4.99
0
5.99
19.99
2.99
9.99
19.99
19.99
9.99
4.99
0
0
16.99
0
4.99
0
20.99
9.99
5.99
0
0
18.99
9.99
14.99
0
39.99
19.99
2.99
2.99
4.99
0
3.99
2.99
0.99
0
9.99
0.99
0
0
8.99
2.49
24.99
9.99
6.99
4.99
14.99
4.99
14.99
9.99
0
0.99
24.99
12.99
2.99
0
14.99
9.99
9.99
0
13.99
2.99
6.99
199.99
19.99
13.99
0
5.99
1.99
5.99
14.99
4.99
0
0.99
0
0
4.99
0
1.99
0
11.99
0
9.99
1.99
0
0
14.99
9.99
0
14.99
0
0
12.99
9.99
0
25
0.99
1.99
5.99
19.99
4.99
4.99
0
3.99
4.99
6.99
0
4.99
7.99
24.99
0.99
3.99
4.99
4.19
19.99
1.99
3.99
9.99
4.99
0
1.99
7.99
14.99
0
0.99
0
10.99
0
0
0
1.99
11.99
0
9.99
4.99
4.99
0
2.99
2.99
1.99
4.99
0.99
1.99
2.99
2.99
0.99
4.99
0
9.99
9.99
9.99
0
0
5.99
9.99
0
9.99
14.99
0
24.99
4.99
9.99
14.99
8.99
0.99
0
0
1.99
3.49
4.99
3.19
10.99
1.51
9.99
2.99
4.99
4.99
7.99
5.99
9.99
19.99
9.99
4.99
0
8.99
0
9.99
7.99
7.99
0.99
9.99
14.99
9.99
4.99
18.99
9.99
4.49
9.99
0
0
4.99
7.49
2.99
1.49
9.99
4.99
0
6.99
199.99
0
0
19.99
10.99
4.99
0
12.99
0
0
14.99
6.99
4.99
0
0
5.99
0
0
25
4.99
0
9.99
0
5.99
1.99
3.99
6.99
0
0
0
4.99
1.99
7.99
4.99
1.99
4.99
0
8.99
0
1.99
0
0
0
9.99
0
0
9.9
5.99
0
2.39
9.99
1.99
0
7.99
0
4.99
5.99
16.99
9.99
2.99
5.99
12.99
0
0
0
0.99
0
9.99
2.99
5.99
4.99
0
0.99
9.99
9.99
4.99
7.99
0.99
2.99
0.99
0
4.99
18.99
0
2.99
5.99
4.99
1.99
0
4.99
9.99
15.99
10.99
0
14.99
0
9.99
5.99
4.99
0
7.99
0
0
24.99
9.99
3.99
0
3.99
19.99
0
0.99
12.99
0
4.99
1.99
3.99
4.99
14.99
9.99
19.99
5.99
3.49
3.51
1.99
9.99
0
0
0
19.99
9.99
9.99
6.99
17.99
7.49
19.99
0
0.99
0
6.49
4.99
0
2.99
0
4.99
1.99
5.99
3.99
1.99
0
2.99
0
8.99
5.99
5.99
0
0
14.99
4.99
0
0
0
19.99
9.99
4.99
4.99
0
0
16.99
0
0
7.99
0
9.99
9.99
9.99
0
0
9.99
9.99
0
0
5.99
0.99
7.99
0
4.99
0
0
0
3.49
5.9
4.99
0
1.99
14.99
0
3.99
4.99
4.99
7.99
7.99
6.99
14.99
4.99
3.49
0
1.99
1.94
0.99
14.99
0
7.49
4.99
0
0
0
4.99
2.99
7.99
0
0.99
9.99
9.99
2.99
19.99
0
0.99
9.99
3.99
0
9.99
0
2.99
3.99
0
2.99
2.99
2.99
0.99
0
19.99
0
0
0
9.99
7.99
14.99
3.99
0
2.49
4.99
0
6.99
5.99
0
5.99
0.99
0
9.99
0
0
0.99
39.99
4.99
0
0.99
4.99
0
4.99
0
8.39
0
0
3.99
9.99
10.99
3.99
0
5.99
7.99
1.99
10.99
12.99
2.99
1.99
19.99
2.99
0.99
9.99
5.99
1.49
24.99
4.99
0
9.99
14.99
14.99
14.99
3.99
9.99
0
0
0
1.99
0.99
4.99
9.99
6.99
0
14.99
7.99
3.99
0
9.99
4.99
0
0
0
0
0
1.99
0
0
8.99
5.99
0
19.99
0
17.99
6.99
0.99
19.99
0
1.99
9.99
4.49
1.49
0
4.99
0
11.99
0
19.99
0
0
7.99
16.99
14.99
0
4.99
0
0
12.99
24.99
9.99
39.99
19.99
19.99
3.99
39.99
39.99
14.99
19.99
19.99
14.99
0.99
0.99
0
4.99
0
0.99
4.99
0
19.99
0
0
14.24
19.99
0
3.74
19.99
24.99
9.99
4.99
4.99
6.99
12.99
0
2.99
19.99
6.99
0
9.99
0
23.99
29.99
9.99
2.99
9.99
19.99
0
19.99
0
9.99
19.99
39.99
0
12.99
4.99
0
14.99
19.99
4.99
6.99
0
11.99
9.99
19.99
9.99
0
0
14.99
0
3.99
1.99
19.99
29.99
9.99
29.99
19.99
0
9.99
0
10.99
19.99
12.99
29.99
0
14.99
4.24
29.99
0
19.99
19.99
11.99
14.99
19.99
0
19.99
0
19.99
0
9.99
9.99
0
0
0
11.99
34.99
0
19.99
0
0
2.99
19.99
0
9.99
29.99
14.99
0
0
0
1.99
4.49
14.99
13.99
9.99
0
4.99
9.99
9.99
0
9.99
9.99
0
0.5
11.99
4.99
19.99
19.99
0
14.99
8.99
9.99
0
0
0
0
19.99
0
29.99
14.99
19.99
14.99
17.99
14.99
9.99
0.99
14.99
11.99
11.99
0
19.99
0
9.99
0
12.99
19.99
0
29.99
0
0
19.99
12.99
17.99
0
19.99
3.99
9.99
0
29.99
14.99
19.99
14.99
9.99
0.99
12.99
14.99
19.99
14.99
0
9.99
0
0
6.99
4.99
0
0
19.99
19.99
29.99
9.99
6.99
0
14.99
4.99
0
9.99
19.99
19.99
0
1.99
0
18.99
19.99
9.99
1.99
14.99
14.99
0
0
0
19.99
19.99
19.99
19.99
14.99
14.99
9.99
0
9.99
7.99
0
12.99
14.99
19.99
2.24
14.99
0
11.99
4.99
9.99
9.99
19.99
14.99
0
11.99
19.99
24.99
7.99
19.99
0
9.99
9.99
9.99
0
5.99
29.99
0.99
0
4.99
0
9.99
4.99
8.99
29.99
0.99
1.99
4.99
6.99
0
29.99
0
29.99
5.99
0
0
0.99
0
1.99
29.99
19.99
0
0
0
0
0
1.99
0
5.99
19.99
4.99
0
0
44.99
0.99
9.99
24.99
0
2.99
0
19.99
14.99
5.99
0
0
2.99
3.99
19.99
0
14.99
9.99
14.99
0
4.99
4.99
29.99
11.99
19.99
19.99
0
9.99
0
0
29.99
0
29.99
19.99
14.99
0
19.99
14.99
0
4.99
5.99
14.99
24.99
9.99
0
9.99
14.99
19.99
15.99
9.99
8.99
2.99
9.99
7.99
0
14.99
9.99
2.99
19.99
8.99
9.99
0
3.99
0
0.99
24.99
0
0
9.99
19.99
1.99
19.99
0
9.99
3.99
2.99
9.99
0
0.99
14.99
9.99
15.99
0
19.99
29.99
0
9.99
2.99
14.99
24.99
29.99
19.99
6.99
0
19.99
3.99
0
19.99
9.99
9.99
4.99
2.99
0
0
0
6.99
9.99
15.99
19.99
0
2.99
0
0
19.99
5.99
24.99
5.99
2.99
0
13.99
0
4.99
13.99
0
0
7.99
0
14.99
2.99
0
1.99
0
0
0
0
0
2.99
19.99
0
2.99
4.99
1.99
9.99
12.99
4.99
0
14.99
9.99
3.99
6.99
0
0
1.99
0
19.99
9.99
6.99
19.99
19.99
12.99
14.99
9.99
0
14.99
9.99
0
19.99
19.99
0
15.99
0
9.99
14.99
0
0
0
19.99
0
0
0
9.99
10.99
4.99
2.99
1.99
0
0
0.99
0
14.99
24.99
9.99
9.99
9.99
14.99
19.99
1.99
14.99
9.99
0
7.99
14.99
4.99
24.99
12.99
0
9.99