965034
2345461.44
926992.08
0
5247445.28
2569543.2
1682518.32
1644457.36
2411675.84
2389843.12
392613.2
0
0
0
0
1486616.32
1478780.24
2186630.88
0
2164798.16
429698.64
0
0
354050.48
2835131.04
0
349579.44
0
2060672.88
0
0
1707316.8
1969983.12
0
644474.88
635523.84
1897767.2
0
1578568.32
3149370
2510412.24
1247056.16
0
1206756.32
1805398
935734.8
1039678.08
3393034.4
1402238.88
1400839.44
1095931.76
810059.6
863204.16
1066826.32
1332266.88
514684.8
2054080
1010854.32
956032.56
1001898.8
498461.04
2959666.64
1476227.76
554535.52
431448.08
703450.72
467691.84
933612.96
0
0
897790.88
892193.68
1330116.48
661478.72
435803.76
153996.64
856371.6
1066373.28
853013.28
846296.64
0
334237.68
0
1036985.04
812713.44
1011795.12
592644.64
386013.6
0
496841.52
569979.76
1135301.44
1502664.24
744427.6
927828.72
920831.52
736591.52
0
537241.6
355803.84
0
0
0
68857.04
16049.04
22377.6
11177.6
0
15657.6
13417.6
17897.6
22377.6
0
33577.6
4457.6
67177.6
0
17897.6
44777.6
11177.6
21818.16
6530.16
0
0
26186.16
21818.16
21818.16
8714.16
8714.16
0
4346.16
0
17450.16
13082.16
21818.16
43658.16
21258.72
31898.72
14874.72
0
63818.72
21258.72
0
0
8490.72
0
10618.72
21258.72
4234.72
6362.72
12746.72
20699.28
10339.28
6195.28
0
31059.28
0
31059.28
0
20699.28
0
41419.28
0
0
0
0
5019.84
0
40299.84
0
10059.84
15099.84
14091.84
6027.84
12075.84
0
0
0
8043.84
40299.84
20139.84
18123.84
48980.4
39180.4
58780.4
2920.4
39180.4
19580.4
39180.4
39180.4
39180.4
0
0
0
58780.4
23500.4
29380.4
0
29380.4
39180.4
29380.4
0
21540.4
19580.4
39180.4
33300.4
5860.4
0
23500.4
17620.4
9780.4
19580.4
19580.4
9500.96
0
9500.96
19020.96
38060.96
0
0
0
28540.96
22828.96
15212.96
28540.96
47580.96
7596.96
9500.96
28540.96
0
33245.52
36941.52
18461.52
22157.52
14765.52
0
36941.52
36941.52
18461.52
27701.52
27701.52
0
0
7373.52
9221.52
0
0
1829.52
3677.52
36941.52
14765.52
0
8942.08
5358.08
0
17902.08
0
5358.08
44782.08
8942.08
8942.08
7150.08
35822.08
8942.08
0
0
8942.08
0
0
26862.08
10734.08
5358.08
16110.08
0
12526.08
0
14318.08
8942.08
17902.08
21486.08
17902.08
0
5190.64
13870.64
15606.64
17342.64
0
5190.64
0
34702.64
8662.64
17342.64
0
17342.64
15606.64
0
15606.64
8662.64
0
34702.64
0
0
0
0
0
8383.2
8383.2
0
16783.2
0
0
0
33583.2
16783.2
0
25183.2
16783.2
0
0
25183.2
0
13423.2
33583.2
0
0
0
8383.2
10063.2
25183.2
0
5023.2
0
23503.2
0
0
33583.2
0
16223.76
6479.76
0
8103.76
0
8103.76
19471.76
16223.76
0
16223.76
16223.76
0
32463.76
32463.76
12975.76
0
22719.76
0
12528.32
0
0
47024.32
0
31344.32
23504.32
47024.32
0
0
7824.32
0
0
0
4688.32
0
17232.32
0
1552.32
47024.32
15664.32
3120.32
10960.32
0
14096.32
10960.32
31344.32
15664.32
23504.32
15664.32
3120.32
0
15104.88
12080.88
12080.88
0
30224.88
0
0
15104.88
3008.88
0
0
30224.88
19640.88
37784.88
0
0
0
15104.88
0
37784.88
30224.88
12080.88
15104.88
1496.88
3008.88
15104.88
7265.44
7265.44
21825.44
7265.44
0
11633.44
7265.44
0
0
0
0
0
0
0
0
14545.44
0
0
0
13089.44
21825.44
7265.44
0
0
0
0
6986
34986
4186
0
27986
20986
41986
6986
0
0
26586
27986
20986
20986
27986
0
13986
4186
6986
8386
13986
27986
13986
13986
4186
11186
27986
13986
11186
27986
6986
12586
0
5586
12082.56
13426.56
25522.56
0
2674.56
0
0
0
0
8050.56
0
2674.56
26866.56
13426.56
26866.56
6706.56
13426.56
26866.56
1330.56
6706.56
6706.56
9394.56
0
13426.56
4018.56
6706.56
20146.56
0
24178.56
10738.56
6034.56
0
6298.32
3851.12
25747.12
12867.12
19307.12
25747.12
9003.12
9003.12
0
2563.12
38627.12
19307.12
0
1275.12
12867.12
0
6427.12
0
0
15443.12
19307.12
25747.12
0
12867.12
0
3207.12
23171.12
0
25747.12
0
12867.12
16731.12
7715.12
0
0
6427.12
0
0
11579.12
0
1275.12
16731.12
0
0
12307.68
17235.68
0
0
3683.68
0
18467.68
1219.68
0
18467.68
3683.68
4915.68
0
0
18467.68
0
12307.68
14771.68
12307.68
18467.68
12307.68
18467.68
18467.68
22163.68
12307.68
18467.68
9843.68
6147.68
6147.68
18467.68
1219.68
12307.68
0
12307.68
24627.68
12307.68
0
0
0
12307.68
1219.68
7379.68
12307.68
4692.24
4692.24
17628.24
12924.24
15276.24
29388.24
3516.24
5868.24
0
11748.24
11748.24
17628.24
0
0
11748.24
11748.24
17628.24
10572.24
10572.24
23508.24
29388.24
23508.24
0
11748.24
17628.24
0
23508.24
8220.24
0
4692.24
11748.24
0
11748.24
7044.24
0
0
23508.24
0
5868.24
0
2340.24
0
10572.24
4692.24
0
4692.24
17628.24
1164.24
5868.24
17628.24
0
11454.24
17628.24
5588.8
0
11188.8
3348.8
2228.8
33588.8
4468.8
27988.8
1108.8
11188.8
5588.8
5588.8
0
11188.8
11188.8
0
22388.8
44788.8
7828.8
0
0
0
11188.8
16788.8
11188.8
5588.8
13428.8
0
0
6708.8
6708.8
0
0
0
2117.36
21269.36
21269.36
7969.36
0
10629.36
0
0
21269.36
7437.36
0
1053.36
15949.36
5309.36
0
5309.36
31909.36
0
10629.36
9565.36
0
15949.36
10629.36
8501.36
4245.36
0
6373.36
0
0
5096.56
10629.36
21269.36
5309.36
1053.36
0
0
31909.36
0
10069.92
8053.92
2005.92
5029.92
20149.92
0
0
0
13093.92
0
17125.92
12085.92
15109.92
0
0
18133.92
0
5029.92
3013.92
1501.92
4021.92
7045.92
20149.92
0
20149.92
0
10069.92
0
7045.92
5029.92
5029.92
0
0
0
0
10069.92
3013.92
5029.92
6037.92
5029.92
7045.92
997.92
6037.92
6037.92
11077.92
20149.92
4021.92
0
1249.92
4021.92
16174.48
7606.48
2846.48
8548.96
942.48
11414.48
2846.48
4750.48
9510.48
0
3322.48
9510.48
9510.48
2846.48
4750.48
10462.48
0
0
0
9510.48
7416.08
0
8558.48
14270.48
19030.48
7606.48
19030.48
14270.48
16174.48
6654.48
11414.48
9510.48
9510.48
9510.48
9510.48
0
0
0
22391.04
11639.04
22391.04
4471.04
0
0
8951.04
8951.04
8951.04
0
13431.04
3216.64
1783.04
13431.04
5367.04
17911.04
8951.04
7517.44
0
0
17911.04
887.04
8055.04
0
8951.04
2679.04
8951.04
4471.04
8951.04
0
2679.04
8951.04
4471.04
2679.04
1783.04
3575.04
1783.04
2679.04
3575.04
0
0
4471.04
887.04
13431.04
7159.04
4471.04
10743.04
8055.04
16119.04
179191.04
3575.04
7159.04
4471.04
1783.04
4471.04
0
0
13431.04
13431.04
0
4471.04
4471.04
887.04
0
8391.6
12591.6
8391.6
12591.6
8391.6
16791.6
8391.6
6711.6
0
5031.6
4191.6
6711.6
0
3015.6
2763.6
8391.6
5031.6
10911.6
0
0
16791.6
9231.6
11751.6
8391.6
20991.6
7551.6
0
0
16791.6
0
0
16791.6
12591.6
4191.6
12591.6
0
16791.6
12591.6
10911.6
16791.6
11751.6
8391.6
12591.6
12591.6
1671.6
8391.6
3351.6
2511.6
831.6
4191.6
2511.6
0
3351.6
4191.6
5031.6
16791.6
7551.6
0
7832.16
776.16
3912.16
1560.16
0
11752.16
1560.16
0
776.16
7832.16
7832.16
0
1560.16
7832.16
0
3128.16
776.16
1560.16
3912.16
0
1560.16
2344.16
7832.16
11752.16
11752.16
31352.16
776.16
14104.16
0
0
2344.16
6264.16
7832.16
0
0
0
0
3912.16
13712.16
3912.16
14104.16
7832.16
0
3128.16
11752.16
7048.16
0
3912.16
3912.16
3912.16
7832.16
0
5480.16
0
9400.16
4696.16
9400.16
11752.16
7832.16
3912.16
0
3128.16
0
3912.16
3128.16
3912.16
5480.16
11752.16
15672.16
3912.16
15672.16
15672.16
7832.16
3912.16
7272.72
2176.72
0
2176.72
0
1448.72
5088.72
10912.72
0
6544.72
1084.72
720.72
0
720.72
0
1448.72
3632.72
720.72
14552.72
7272.72
3632.72
5088.72
7272.72
0
14552.72
0
720.72
7272.72
4360.72
1448.72
0
10912.72
2176.72
3632.72
3632.72
1448.72
5816.72
3632.72
720.72
3632.72
2904.72
2904.72
3632.72
10912.72
10912.72
3632.72
1448.72
720.72
720.72
0
3632.72
0
9456.72
7272.72
6544.72
6544.72
7272.72
7272.72
3632.72
2904.72
8000.72
12368.72
10912.72
3632.72
720.72
2176.72
0
7272.72
0
10912.72
3632.72
7272.72
3632.72
5816.72
5088.72
3632.72
6041.28
8729.28
3353.28
6041.28
665.28
2009.28
665.28
0
6713.28
0
6041.28
665.28
0
665.28
5369.28
1337.28
20153.28
0
4025.28
10073.28
10073.28
0
1337.28
355244.4
0
351328.32
697411.12
1026137.84
1024458.4
1024458.4
511218.96
0
99794.24
332307.36
0
132499.92
995907.92
821471.28
1280959.68
790683.6
947204.16
0
437159.52
305454.24
0
485328.48
1514497.04
360563.28
290855.04
0
886744.32
442384.88
1166748.24
863232.16
574272.72
0
426435.52
283076.64
0
1130917.2
0
547406.16
542928.4
814528.4
809490.08
402931.2
268531.2
400412.88
661935.12
392857.92
388660.72
388660.72
387821.28
50705.2
507106.32
0
505986.88
504867.44
631147.44
367674.72
0
489195.28
243356.4
0
362638.08
238880.88
707044.24
705364.8
304069.92
349207.04
0
348367.6
347528.16
0
0
229929.84
113732.08
0
0
450014.88
450014.88
111496.56
0
0
436581.6
326542.16
871142.16
542982.72
643225.52
0
316468.88
356790
184762.48
407476.16
0
596201.2
0
494002.32
0
97804
0
584445.12
0
2009.28
0
3353.28
6713.28
0
10073.28
1606.08
2009.28
16793.28
799.68
6713.28
10073.28
10073.28
0
4025.28
4025.28
0
13433.28
6041.28
0
0
4025.28
0
9401.28
0
5033.28
0
6041.28
10073.28
6713.28
1337.28
10073.28
10073.28
2009.28
2681.28
1337.28
6713.28
4025.28
13433.28
665.28
3353.28
2009.28
6713.28
3353.28
13433.28
3353.28
1337.28
665.28
6713.28
1337.28
3353.28
0
3073.84
2457.84
1533.84
4921.84
609.84
3073.84
6153.84
18473.84
3689.84
2457.84
609.84
3073.84
2457.84
9233.84
0
1841.84
3073.84
12313.84
1841.84
6153.84
1841.84
6153.84
0
4305.84
0
6153.84
6153.84
12313.84
3689.84
0
9233.84
6153.84
3073.84
9233.84
0
6153.84
0
2457.84
1225.84
0
7385.84
0
1225.84
12313.84
6153.84
7385.84
4305.84
9233.84
4921.84
6153.84
3073.84
12313.84
609.84
0
0
12313.84
0
7385.84
1841.84
7385.84
0
2457.84
3443.44
1841.84
8001.84
6153.84
6769.84
0
2303.84
8001.84
5537.84
9233.84
6153.84
0
0
2464
6153.84
6153.84
3043.04
3689.84
0
0
1841.84
0
7385.84
3073.84
1841.84
0
8617.84
0
6153.84
0
13994.4
0
11194.4
554.4
4754.4
0
0
8394.4
4474.4
3130.4
2234.4
2794.4
5594.4
5594.4
2010.4
8394.4
0
5594.4
0
2794.4
11194.4
5594.4
11194.4
0
11194.4
5034.4
0
9514.4
5594.4
3354.4
0
5034.4
2794.4
2794.4
2794.4
6714.4
0
554.4
2234.4
5594.4
3914.4
0
3578.4
7274.4
2794.4
2794.4
2794.4
2794.4
1674.4
1674.4
3914.4
4474.4
2234.4
2794.4
2794.4
0
1674.4
5594.4
554.4
3914.4
1114.4
0
554.4
3354.4
0
1674.4
2234.4
3914.4
2794.4
0
2794.4
0
0
1674.4
1114.4
5594.4
11194.4
1394.4
2794.4
8394.4
5594.4
0
2234.4
7834.4
2794.4
5594.4
0
0
0
0
0
0
0
0
0
0
0
0
0
0
0
0
0
0
0
0
0
0
0
0
0
0
0
0
0
0
0
0
0
0
0
0
0
0
0
0
0
0
0
0
0
0
0
0
0
0
0
0
0
0
0
0
0
0
0
0
0
0
0
0
0
0
0
0
0
0
0
0
0
0
0
0
0
0
0
0
0
0
0
0
0
0
0
0
0
0
0
0
0
0
0
0
0
0
0
0
0
0
0
0
0
0
0
0
0
0
0
0
0
0
0
0
0
0
0
0
0
0
0
0
0
0
0
0
0
0
0
0
0
0
0
0
0
0
0
0
0
0
0
0
0
0
0
0
0
0
0
0
0
0
0
0
0
0
0
0
0
0
0
0
0
0
0
0
0
0
0
0
0
0
0
0
0
0
0
0
0
0
0
0
0
0
0
0
0
0
0
0
0
0
0
0
0
0
0
0
0
0
0
0
0
0
0
0
0
0
0
0
0
0
0
0
0
0
0
0
0
0
0
0
0
0
0
0
0
0
0
0
0
0
0
0
0
0
0
0
0
0
0
0
0
0
0
0
0
0
0
0
0
0
0
0
0
0
0
0
0
0
0
0
0
0
0
0
0
0
0
0
0
0
0
0
0
0
0
0
0
0
0
0
0
0
0
0
0
0
0
0
0
0
0
0
0
0
0
0
0
0
0
0
0
0
0
0
0
0
0
0
0
0
0
0
0
0
0
0
0
0
0
0
0
0
0
0
0
0
0
0
0
0
0
0
0
0
0
0
0
0
0
0
0
0
0
0
0
0
0
0
0
0
0
0
0
0
0
0
0
0
0
0
0
0
0
0
0
0
0
0
0
0
0
0
0
0
0
0
0
0
0
0
0
0
0
0
0
0
0
0
0
0
0
0
0
0
0
0
0
0
0
0
0
0
0
0
0
0
0
0
0
0
0
0
0
0
0
0
0
0
0
0
0
0
0
0
0
0
0
0
0
0
0
0
0
0
0
0
0
0
0
0
0
0
0
0
0
0
0
0
0
0
0
0
0
0
0
0
0
0
0
0
0
0
0
0
0
0
0
0
0
0
0
0
0
0
0
0
0
0
0
0
0
0
0
0
0
0
0
0
0
0
0
0
0
0
0
0
0
0
0
0
0
0
0
0
0
0
0
0
0
0
0
0
0
0
0
0
0
0
0
0
0
0
0
0
0
0
0
0
0
0
0
0
0
0
0
0
0
0
0
0
0
0
0
0
0
0
0
0
0
0
0
0
0
0
0
0
0
0
0
0
0
0
0
0
0
0
0
0
0
0
0
0
0
0
0
0
0
0
0
0
0
0
0
0
0
0
0
0
0
0
0
0
0
0
0
0
0
0
0
0
0
0
0
0
0
0
0
0
0
0
0
0
0
0
0
0
0
0
0
0
0
0
0
0
0
0
0
0
0
0
0
0
0
0
0
0
0
0
0
0
0
0
0
0
0
0
0
0
0
0
0
0
0
0
0
0
0
0
0
0
0
0
0
0
0
0
0
0
0
0
0
0
0
0
0
0
0
0
0
0
0
0
0
0
0
0
0
0
0
0
0
0
0
0
0
0
0
0
0
0
0
0
0
0
0
0
0
0
0
0
0
0
0
0
0
0
0
0
0
0
0
0
0
0
0
0
0
0
0
0
0
0
0
0
0
0
0
0
0
0
0
0
0
0
0
0
0
0
0
0
0
0
0
0
0
0
0
0
0
0
0
0
0
0
0
0
0
379490.16
151234.72
0
282891.28
282051.84
0
370534.64
461815.2
0
367176.32
549176.88
274496.88
0
0
268620.8
358220.8
357101.36
350384.72
349265.28
172866.96
0
422630.88
330234.8
0
0
162237.6
324637.6
324637.6
0
240919.28
0
39600.96
317920.96
126625.52
78522.64
157202.64
471922.64
313443.2
390443.76
311204.32
308965.44
0
0
91239.68
0
0
226648.8
0
301129.36
0
448410.48
298890.48
223291.04
0
147132.72
219093.84
509454.4
14414.4
363854.4
580014.96
0
426577.76
354058.32
566578.32
169874.32
0
280979.44
140419.44
139300.56
347061.12
833141.12
0
0
0
135943.92
270904.48
403065.6
0
0
0
65947.84
171675.84
197268.4
130349.52
387950.64
129230.64
231711.2
257471.2
128671.2
256351.76
0
256351.76
381232.88
88856.88
189713.44
0
252993.44
63153.44
251874
0
0
0
0
0
0
0
0
0
0
0
0
0
0
0
0
0
0
0
0
0
0
0
0
0
0
0
0
0
0
0
0
0
0
0
0
0
0
0
0
0
0
0
0
0
0
0
0
0
0
0
0
0
0
0
0
0
0
0
0
0
0
0
0
0
0
0
0
0
0
0
0
0
0
0
0
0
0
0
0
0
0
0
0
0
0
0
0
0
0
0
0
0
0
0
0
0
0
0
0
0
0
0
0
0
0
0
0
0
0
0
0
0
0
0
0
0
0
0
0
0
0
0
0
0
0
0
0
0
0
0
0
0
0
0
0
0
0
0
0
0
0
0
0
0
0
0
0
0
0
0
0
0
0
0
0
0
0
0
0
0
0
0
0
0
0
0
0
0
0
0
0
0
0
0
0
0
0
0
0
0
0
0
0
0
0
0
0
0
0
0
0
0
0
0
0
0
0
0
0
0
0
0
0
0
0
0
0
0
0
0
0
0
0
0
0
0
0
0
0
0
0
0
0
0
0
0
0
0
0
0
0
0
0
0
0
0
0
0
0
0
0
0
0
0
0
0
0
0
0
0
0
0
0
0
0
0
0
0
0
0
0
0
0
0
0
0
0
0
0
0
0
0
0
0
0
0
0
0
0
0
0
0
0
0
0
0
0
0
0
0
0
0
0
0
0
0
0
0
0
0
0
0
0
0
0
0
0
0
0
0
0
0
0
0
0
0
0
0
0
0
0
0
0
0
0
0
0
0
0
0
0
0
0
0
0
0
0
0
0
0
0
0
0
0
0
0
0
0
0
0
0
0
0
0
0
0
0
0
0
0
0
0
0
0
0
0
0
0
0
0
0
0
0
0
0
0
0
0
0
0
0
0
0
0
0
0
0
0
0
0
0
0
0
0
0
0
0
0
0
0
0
0
0
0
0
0
0
0
0
0
0
0
0
0
0
0
0
0
0
0
0
0
0
0
0
0
0
0
0
0
0
0
0
0
0
0
0
0
0
0
0
0
0
0
0
0
0
0
0
0
0
0
0
0
0
0
0
0
0
0
0
0
0
0
0
0
0
0
0
0
0
0
0
0
0
0
0
0
0
0
0
0
0
0
0
0
0
0
0
0
0
0
0
0
0
0
0
0
0
0
0
0
0
0
0
0
0
0
0
0
0
0
0
0
0
0
0
0
0
0
0
0
0
0
0
0
0
0
0
0
0
0
0
0
0
0
0
0
0
0
0
0
0
0
0
0
0
0
0
0
0
0
0
0
0
0
0
0
0
0
0
0
0
0
0
0
0
0
0
0
0
0
0
0
0
0
0
0
0
0
0
0
0
0
0
0
0
0
0
0
0
0
0
0
0
0
0
0
0
0
0
0
0
0
0
0
0
0
0
0
0
0
0
0
0
0
0
0
0
0
0
0
0
0
0
0
0
0
0
0
0
0
0
0
0
0
0
0
0
0
0
0
0
0
0
0
0
0
0
0
0
0
0
0
0
0
0
0
0
0
0
0
0
0
0
0
0
0
0
0
0
0
0
0
0
0
0
0
0
0
0
0
0
0
0
0
0
0
0
0
0
0
0
0
0
0
0
0
0
0
0
0
0
0
0
0
0
0
0
0
0
0
0
0
0
0
0
0
0
0
0
0
0
0
0
0
0
0
0
0
0
0
0
0
0
0
0
0
0
0
0
0
0
0
0
0
0
0
0
0
0
0
0
0
0
0
0
0
0
0
0
0
0
0
0
0
0
0
0
0
0
0
0
0
0
0
0
0
0
0
0
0
0
0
0
0
0
0
0
0
0
0
0
0
0
0
0
0
0
0
0
0
0
0
0
0
0
0
0
0
0
0
0
0
0
0
0
0
0
0
0
0
0
0
0
0
0
0
0
0
0
0
0
0
0
0
0
0
0
0
0
0
0
0
0
0
0
0
0
0
0
0
0
0
0
0
0
0
0
0
0
0
0
0
0
0
0
0
0
0
0
0
0
0
0
0
0
0
0
0
0
0
0
0
0
0
0
0
0
0
0
0
0
0
0
0
0
0
0
0
0
0
0
0
0
0
0
0
0
0
0
0
0
0
0
0
0
0
0
0
0
0
0
0
0
0
0
0
0
0
0
0
0
0
0
0
0
0
0
0
0
0
0
0
0
0
0
0
0
0
0
0
0
0
0
0
0
0
0
0
0
0
0
0
0
0
0
0
0
0
0
0
0
0
0
0
0
0
0
0
0
0
0
0
0
0
0
0
0
0
0
0
0
0
0
0
0
0
0
251874
125314.56
0
0
49603.68
196101.36
0
0
361079.6
238440.72
119160.72
296681.28
58961.84
233962.96
116363.52
104212.08
0
115244.64
57285.2
79853.76
282686.88
0
0
0
111328.56
0
77505.12
66081.68
274290.24
164530.24
217171.36
271491.36
0
140395.92
322452.48
106293.6
212693.6
106293.6
212693.6
105734.16
211574.16
169238.16
84118.72
210454.72
0
209335.28
104615.28
0
125559.28
154456.96
81881.52
256097.52
203738.08
0
80986.64
151099.2
251899.2
40219.2
9923.76
0
148580.88
89108.88
97902
78302
0
0
127302
146062.56
194782.56
96783.12
0
145223.12
48063.68
0
57695.68
192543.68
28632.24
95104.8
190304.8
189185.36
93985.92
46945.92
0
0
157939.04
0
45828.16
0
191596.72
91188.72
54341.28
0
0
169086.96
88391.52
132631.52
0
351592.08
173513.2
25450.88
0
0
0
0
0
0
0
0
0
0
0
0
0
0
0
0
0
0
0
0
0
0
0
0
0
0
0
0
0
0
0
0
0
0
0
0
0
0
0
0
0
0
0
0
0
0
0
0
0
0
0
0
0
0
0
0
0
0
0
0
0
0
0
0
0
0
0
0
0
0
0
0
0
0
0
0
0
0
0
0
0
0
0
0
0
0
0
0
0
0
0
0
0
0
0
0
0
0
0
0
0
0
0
0
0
0
0
0
0
0
0
0
0
0
0
0
0
0
0
0
0
0
0
0
0
0
0
0
0
0
0
0
0
0
0
0
0
0
0
0
0
0
0
0
0
0
0
0
0
0
0
0
0
0
0
0
0
0
0
0
0
0
0
0
0
0
0
0
0
0
0
0
0
0
0
0
0
0
0
0
0
0
0
0
0
0
0
0
0
0
0
0
0
0
0
0
0
0
0
0
0
0
0
0
0
0
0
0
0
0
0
0
0
0
0
0
0
0
0
0
0
0
0
0
0
0
0
0
0
0
0
0
0
0
0
0
0
0
0
0
0
0
0
0
0
0
0
0
0
0
0
0
0
0
0
0
0
0
0
0
0
0
0
0
0
0
0
0
0
0
0
0
0
0
0
0
0
0
0
0
0
0
0
0
0
0
0
0
0
0
0
0
0
0
0
0
0
0
0
0
0
0
0
0
0
0
0
0
0
0
0
0
0
0
0
0
0
0
0
0
0
0
0
0
0
0
0
0
0
0
0
0
0
0
0
0
0
0
0
0
0
0
0
0
0
0
0
0
0
0
0
0
0
0
0
0
0
0
0
0
0
0
0
0
0
0
0
0
0
0
0
0
0
0
0
0
0
0
0
0
0
0
0
0
0
0
0
0
0
0
0
0
0
0
0
0
0
0
0
0
0
0
0
0
0
0
0
0
0
0
0
0
0
0
0
0
0
0
0
0
0
0
0
0
0
0
0
0
0
0
0
0
0
0
0
0
0
0
0
0
0
0
0
0
0
0
0
0
0
0
0
0
0
0
0
0
0
0
0
0
0
0
0
0
0
0
0
0
0
0
0
0
0
0
0
0
0
0
0
0
0
0
0
0
0
0
0
0
0
0
0
0
0
0
0
0
0
0
0
0
0
0
0
0
0
0
0
0
0
0
0
0
0
0
0
0
0
0
0
0
0
0
0
0
0
0
0
0
0
0
0
109116
209916
83356.56
333676.56
166796.56
165677.12
33069.12
331437.12
331437.12
124237.12
164557.68
164557.68
121718.8
7927.92
7927.92
0
39959.92
0
7872.48
39121.6
0
152243.84
0
0
107654.4
151124.4
0
28064.96
150004.96
186125.52
73846.08
36886.08
36886.08
51278.64
94567.2
0
21599.76
143288.32
50104.32
0
71048.88
0
169273.44
209930
69930
20762.56
68811.12
136571.68
0
135452.24
0
67692.24
134332.8
266493.36
0
86565.36
32973.92
0
99053.92
130974.48
32694.48
45798.48
0
77215.6
64335.6
128735.6
64335.6
0
0
94856.72
0
25248.72
12481.28
124257.84
186417.84
62097.84
186417.84
124257.84
0
62097.84
0
67082.96
122018.96
78563.52
181379.52
0
90659.52
25643.52
181379.52
0
119780.08
119780.08
71844.08
88980.64
118660.64
0
117541.2
0
117541.2
0
57622.32
57622.32
0
0
0
68486.88
199862.88
0
113063.44
0
0
16911.44
111944
0
55944
167944
83104.56
0
0
0
11032.56
24641.12
82265.12
75993.68
54265.68
0
27105.68
54265.68
54265.68
0
53706.24
53706.24
0
2660
63786.8
26546.8
106346.8
106346.8
0
78907.36
47323.36
52587.36
0
0
0
0
104107.92
0
154508.48
76389.04
101869.04
75549.6
90669.6
75549.6
49790.16
4934.16
74710.16
59086.72
59086.72
0
97391.28
0
48671.28
0
62559.84
96271.84
0
144431.84
0
0
96271.84
61832.4
85632.4
0
94032.96
18545.52
46433.52
0
139393.52
69673.52
92913.52
69673.52
45874.08
4546.08
59650.08
68834.08
91794.08
67994.64
0
44755.2
0
0
30923.76
22075.76
0
0
88435.76
88435.76
132675.76
43636.32
30532.32
0
65476.32
21796.32
0
43076.88
86196.88
86196.88
0
8580.88
0
80821.44
85077.44
42517.44
8469.44
62958
62958
0
0
0
82838.56
81719.12
81719.12
81719.12
61279.12
61279.12
40839.12
0
40839.12
32215.68
0
52375.68
60439.68
79480.24
8906.24
59600.24
0
47672.24
19560.8
39160.8
39160.8
78360.8
58760.8
0
46329.36
77241.36
96561.36
30873.36
77241.36
0
38041.92
38041.92
38041.92
0
22474.48
112522.48
3714.48
0
18722.48
0
37482.48
18722.48
33730.48
112522.48
3714.48
7355.04
18443.04
25835.04
0
110843.04
0
109163.6
21803.6
0
0
3603.6
0
7132.16
107484.16
71644.16
0
0
0
0
0
7020.72
0
21132.72
69405.28
17325.28
0
0
153685.84
3381.84
34125.84
83966.4
0
10046.4
0
67166.4
49526.96
19790.96
0
0
9711.52
12959.52
64927.52
0
48687.52
32447.52
48687.52
0
16207.52
16207.52
97407.52
38943.52
63808.08
63808.08
0
31888.08
0
0
95728.08
0
95728.08
63808.08
47008.64
0
62688.64
47008.64
0
15648.64
18784.64
47008.64
78368.64
31328.64
0
30769.2
46169.2
61569.2
49249.2
30769.2
27689.2
9041.76
30209.76
24161.76
0
45329.76
30209.76
9041.76
60449.76
27185.76
30209.76
0
11842.32
0
2938.32
74170.32
0
0
29090.88
58210.88
5794.88
58210.88
0
29090.88
11618.88
8706.88
29090.88
0
2882.88
43650.88
29090.88
46562.88
0
57091.44
85651.44
0
28531.44
8539.44
42811.44
71371.44
83972
55972
19572
0
55972
11172
0
54852.56
27412.56
27412.56
13692.56
8204.56
0
0
0
19180.56
27412.56
43876.56
54852.56
0
8037.12
0
0
53733.12
16101.12
67173.12
16101.12
8037.12
0
36821.68
0
13133.68
36821.68
0
0
21029.68
0
39453.68
7869.68
0
5237.68
0
0
0
0
0
7702.24
51494.24
0
7702.24
12854.24
5126.24
25734.24
33462.24
12574.8
0
37774.8
25174.8
10054.8
17614.8
0
0
5014.8
0
50374.8
25174.8
17614.8
50374.8
50374.8
32007.36
36935.36
24615.36
0
36935.36
24615.36
0
49255.36
49255.36
0
39399.36
0
24615.36
36935.36
0
0
0
48135.92
0
0
0
24055.92
26463.92
12015.92
7199.92
4791.92
0
0
2383.92
0
35256.48
58776.48
23496.48
23496.48
23496.48
35256.48
47016.48
4680.48
35256.48
23496.48
0
18792.48
35256.48
11457.04
57377.04
29825.04
0
22937.04